.Random.seed <-
c(10403L, 10L, -1350463857L, 1508581270L, 1599087424L, -604762621L, 
494425121L, -1002563824L, -1492529938L, -1840884583L, -267337429L, 
-748521446L, -667028772L, 1296478943L, -1488917323L, -1799665076L, 
-461359454L, 1880956413L, 1225996023L, -1719574498L, -2057899304L, 
838112827L, 60990425L, 2106413416L, -647616362L, 1009690129L, 
1584521155L, -2094390318L, 1878580836L, -1753797209L, 1629094653L, 
-1470286092L, 849404378L, -285760219L, 2077303871L, -1984310330L, 
1581269072L, 1197468787L, 1598423185L, -1983176512L, -1068660066L, 
812369513L, 743700123L, 127327146L, 708263884L, 117912207L, 2079627973L, 
1777136252L, -1489625390L, -353699251L, 693901063L, 627440366L, 
1554837448L, 794341579L, 1286246697L, -1200182920L, 83443366L, 
774547649L, -1650155181L, -1071215102L, -1643587788L, 1964266679L, 
-1484208979L, 443900356L, 1576108522L, 553852501L, -1753042961L, 
29958134L, 2075580704L, -868526365L, 1500917633L, 1935948272L, 
341780622L, -2009444359L, 827434379L, -72728134L, -1102626628L, 
-561585153L, -287477419L, -1260721556L, -1357873470L, 874457373L, 
1329479575L, -1783072002L, 254075064L, 2024467099L, 50972921L, 
1228700232L, 795813238L, 1510274225L, -690554653L, -1781893198L, 
-592517116L, 1100790599L, -365768163L, -754063212L, 1711515706L, 
899795589L, 1882094431L, -1612606490L, -1975263632L, -684912237L, 
995251761L, 443485408L, -557785730L, -1023078391L, 2052980795L, 
-1990439414L, -1924178452L, 105173615L, -79749723L, 107765084L, 
1800118578L, 1713373229L, -982204697L, 1559483406L, 931388904L, 
1332299755L, 665966729L, -2026292200L, 1652890438L, 1276766625L, 
1246025779L, 731092386L, -2086276972L, 205002519L, 365912333L, 
690784292L, -1698805750L, -1359348363L, 1532914895L, -1823752234L, 
868188032L, 282424259L, -616123039L, -30258224L, 619604782L, 
-980724007L, 1649788139L, -2133818022L, 551761692L, 594358815L, 
-991079819L, 2054135564L, 1610978018L, 1812957117L, 1935163447L, 
906316510L, 706950680L, 1352259963L, -142339815L, 2072804776L, 
93839702L, -623566383L, 1631150467L, -1850449902L, 2137494436L, 
-509467801L, 180533437L, -451936204L, 1426674586L, -321101851L, 
-14226561L, 913152774L, 1368331408L, 1407395123L, 1218298577L, 
734054528L, 1580462430L, 1925252777L, -471731877L, -1090774166L, 
1016353292L, 1012281935L, -2101698811L, 1190778812L, -1395109230L, 
253467021L, -1811758649L, -1112956242L, -392402168L, -1800218357L, 
-703207447L, 1103708344L, -1670518938L, -1566292991L, -815680877L, 
-2027006654L, -1066419468L, -492222729L, -1110964499L, -1508159100L, 
1393516458L, 150398229L, 2074447791L, -1992425546L, 513189344L, 
1221033251L, 795546177L, -33440464L, -1091250354L, -1977172551L, 
-1409032245L, -8514438L, 512329084L, -843833921L, 271604373L, 
-579204948L, -1865788798L, -487597475L, 568233303L, 53604414L, 
-207109000L, 137842523L, 1378351801L, -874244344L, -1211126346L, 
23278321L, 991442211L, 640380786L, -456720956L, -693418617L, 
-1278245027L, 1458145620L, -2036036742L, 505129669L, -948929505L, 
1160006566L, -84488912L, -1242782270L, -1626850592L, 1153030012L, 
1829183184L, 248780962L, 275270696L, -1779636980L, 1170991036L, 
-1784501966L, 1834314176L, -769963468L, -2063344696L, -1905264454L, 
1064642960L, -1334734356L, -1688583596L, 28405906L, 761507616L, 
-394352180L, -101132832L, 1475409602L, -304192472L, -1328237908L, 
-181246788L, 47196658L, 121712944L, 1438340260L, 782124728L, 
1239170394L, 116848016L, 2095010684L, 2097506580L, 67994434L, 
788601600L, 818067388L, -1019945136L, 86442786L, 1079024968L, 
-1970591220L, -1096513444L, 1582333138L, -608560640L, 55602516L, 
-410428952L, 1042959354L, -441941808L, -771945172L, 927113972L, 
542235026L, -28461984L, 1124836620L, -724118816L, 487278946L, 
262085288L, 1050640972L, -807063172L, -530840270L, 1039904880L, 
-1142470844L, -1216299560L, -1040544646L, -1552683472L, 1043909308L, 
-732881068L, -972712894L, -1170326112L, 1746143932L, 1150138832L, 
424181090L, -982749208L, 40323020L, 153849596L, 944988658L, 2097711232L, 
-2082568972L, 552568456L, -133736646L, 1791046480L, -2120084L, 
-267861868L, 1304711506L, 1147109088L, 1204286156L, -1717833568L, 
1572223874L, -2101677336L, 573444844L, -1482023876L, -1294626190L, 
1635021936L, -919763420L, -865942472L, -1946339302L, 107125456L, 
278369340L, -1687214956L, 727096450L, 1302185920L, -881436356L, 
959287952L, 1262644258L, -916208632L, -1457108852L, 356056092L, 
979506834L, 62473344L, -815443948L, -1290361560L, -1823338950L, 
-1550703408L, 140530796L, -1540361548L, -1073702894L, -1358313504L, 
776237004L, -1384608288L, 1053392418L, 848210216L, 1298862348L, 
-679696836L, 1292538098L, -1363662096L, -1664167100L, -396518824L, 
1877230138L, -1733310736L, -927806276L, 1820904980L, 887341250L, 
1122984032L, 1352166780L, -52347696L, -1578890206L, 398670504L, 
210993036L, 1179933116L, 292439090L, 1423050560L, 1214716084L, 
-309841080L, -401683782L, -1162490096L, 604961004L, -829189036L, 
1457436434L, -238537824L, 325197772L, -1682756768L, -233578302L, 
-1052047832L, 59692460L, 1560776508L, 123494258L, 713716528L, 
1869947428L, 1003565112L, 2114800858L, 843989392L, 1113028348L, 
375705492L, -1723374782L, -685303296L, 183263804L, -1196206512L, 
1583092386L, -1812677816L, 680794636L, -579523364L, -529730990L, 
602884224L, 612399956L, -1832381976L, -30201094L, -1317873840L, 
-213752788L, -871344780L, -1438900590L, 1302608480L, -324595060L, 
1877633888L, -621006110L, -723658584L, -1794944820L, 1594507772L, 
-894042190L, 506172912L, -1450594876L, 675280728L, -2134746246L, 
985103792L, 783958460L, -1420271532L, 1725297602L, 367485728L, 
1598035900L, -2087144880L, 1314024930L, 555774312L, -102249140L, 
1873928444L, -188792078L, 642281216L, 1892449908L, 40747016L, 
1167798714L, 2107084752L, -389150228L, 342402964L, 293163730L, 
-2039087520L, -1106942644L, -1616820960L, 756918914L, 2062326248L, 
-27967508L, -2065414596L, 188696178L, -52384912L, -2120767196L, 
1475584568L, -672540262L, -877643312L, -728111684L, -276506476L, 
-1081674622L, -153836096L, -560329924L, 1540433537L, -2082603981L, 
-458585516L, 2037235298L, -1277095689L, 1883112257L, 443201990L, 
2068726532L, 867182261L, 834785695L, 599821816L, -529136682L, 
68345443L, 1555619365L, 1883352514L, -986127696L, -525096231L, 
1060555851L, 380506812L, -709881622L, -1549202145L, -667626071L, 
547926846L, -2047734228L, -506053507L, 1714341575L, -494141520L, 
1455247822L, -1022080261L, 1678334301L, -897111414L, 2048186536L, 
-571937775L, 493075715L, -1464201212L, -328294350L, -545372025L, 
230065361L, 967564886L, -325341644L, -1330264763L, -1070889073L, 
-864898296L, -1315703514L, -1647170093L, -518674635L, 110177938L, 
1109776992L, -992576567L, -599082245L, -201554740L, -101474982L, 
-1616596913L, 1647648025L, -1666574546L, -8754884L, 1711300269L, 
1875417431L, 937040032L, -552425986L, 414152907L, -387709235L, 
-1891167750L, -1210029512L, 1383114721L, -1970134893L, -442678604L, 
973279170L, -1915192361L, -543452127L, -146201626L, 1643450084L, 
-409069035L, 1072075327L, 269494744L, 787570678L, 405956611L, 
742409029L, 515622754L, -1214912304L, -1461431303L, 876883755L, 
-467825508L, -2075671862L, -822916161L, -246708471L, -1440845794L, 
-655359540L, 121768861L, 416253479L, 1761823824L, -19614482L, 
39629211L, 1856612349L, -208182550L, -245942904L, -893504719L, 
31714211L, 131300260L, 1201591890L, -2037959257L, -1904987663L, 
1804100918L, 586632660L, -1941298331L, 1800366959L, 1810851240L, 
-726074618L, 902659635L, -1045105515L, -1333416718L, -1681892032L, 
400253609L, -883430629L, -1545528084L, -1956519686L, -1648271057L, 
432166201L, -975169714L, -98558564L, -1872003315L, -1343325833L, 
1109646720L, -740181026L, -234072917L, -1375047763L, 69542938L, 
1813596888L, -252001471L, 1649128435L, -1612825068L, -23783518L, 
1883318455L, 1074868865L, -1873259898L, 741008068L, -98581515L, 
489151071L, -1034679112L, -1082324586L, 742200227L, -1408465051L, 
-561529214L, -237462544L, -2124620391L, -1118596213L, -712581508L, 
-667167574L, 577193695L, -50094999L, -893405570L, 471121516L, 
